1363484
9 6
77 28
64 48
69 31
126 34
12 12
110 42
1 4
4 4
75 41
2 4
100 55
33 18
1 4
9 6
59 38
34 16
172 68
34 18
44 30
92 32
1 4
113 49
72 47
12 10
146 68
109 49
1 4
1 4
79 34
1 4
61 25
1 4
1 4
1 4
1 4
2 4
17 18
147 45
1 4
10 10
24 20
1 4
125 58
2 4
111 42
11 10
1 4
7 6
7 12
136 63
1 4
67 44
8 10
110 43
27 21
27 14
5 6
29 8
202 20
1 4
76 39
2 4
134 43
4 6
6 8
1 4
5 8
4 8
4 6
94 46
40 24
2 4
6 10
1 4
4 4
20 20
111 47
1 4
1 4
104 47
1 4
227 82
58 32
117 58
73 33
7 6
9 12
45 26
2 4
100 49
2 4
41 24
103 43
1 4
2 4
1 4
6 4
110 73
9 8
2 4
131 48
1 4
5 10
104 60
6 8
1 4
1 4
1 4
142 60
12 8
1 4
1 4
181 82
2 4
6 10
1 4
30 14
52 38
15 16
1 4
56 28
1 4
9 12
1 4
3 6
3 4
10 10
13 16
49 25
10 10
3 6
3 6
54 29
51 24
1 4
5 8
83 39
1 4
2 4
1 4
50 48
4 8
5 10
3 6
47 38
73 33
7 10
8 10
6 8
1 4
140 50
1 4
1 4
127 43
3 6
32 24
1 4
61 30
1 4
2 4
5 8
2 4
5 6
72 35
60 30
139 56
9 12
1 4
1 4
149 49
2 4
36 24
1 4
53 20
22 16
85 46
135 70
1 4
1 4
8 8
2 4
1 4
32 21
149 75
1 4
190 19
22 12
216 18
1 4
1 4
2 4
18 14
1 4
62 32
6 8
5 10
131 59
15 16
3 4
62 41
8 8
1 4
149 64
1 4
1 4
1 4
1 4
53 28
4 4
3 6
119 48
1 4
22 14
2 4
121 54
9 12
51 36
7 6
99 41
42 17
1 4
1 4
48 36
7 12
1 4
1 4
149 53
6 8
61 35
2 4
2 4
4 8
12 12
195 28
2 4
64 30
2 4
1 4
1 4
1 4
145 48
6 10
3 4
28 25
120 57
69 44
77 38
1 4
1 4
15 8
1 4
1 4
15 13
115 64
1 4
83 49
1 4
73 43
2 4
140 69
1 4
3 4
1 4
1 4
10 10
23 17
1 4
1 4
2 4
7 14
7 12
69 26
63 43
1 4
2 4
104 39
3 6
1 4
63 33
1 4
4 8
1 4
1 4
98 39
46 29
3 6
95 42
1 4
1 4
123 47
59 34
1 4
103 53
2 4
1 4
52 30
146 58
2 4
2 4
1 4
2 4
1 4
1 4
2 4
42 34
19 16
144 62
3 6
262 81
1 4
1 4
1 4
1 4
105 51
53 36
1 4
82 48
1 4
124 53
1 4
2 4
11 8
27 18
1 4
1 4
39 28
8 10
1 4
3 6
1 4
82 53
5 12
4 4
29 20
1 4
7 8
95 46
2 4
37 22
1 4
3 4
1 4
8 10
115 48
2 4
80 36
1 4
1 4
1 4
3 6
12 6
3 6
1 4
15 12
94 51
14 15
101 43
1 4
126 44
1 4
77 52
5 8
2 4
114 38
12 10
47 35
2 4
1 4
1 4
1 4
1 4
1 4
4 8
1 4
11 12
75 28
1 4
6 8
1 4
95 8
49 34
1 4
1 4
2 4
47 24
12 14
1 4
1 4
66 29
36 20
1 4
1 4
1 4
3 4
1 4
2 4
72 10
1 4
9 10
3 4
2 4
1 4
2 4
93 68
125 59
11 13
44 31
4 4
1 4
1 4
53 29
1 4
1 4
15 16
1 4
56 38
1 4
2 4
2 4
2 4
45 23
179 50
1 4
1 4
4 4
122 41
114 59
1 4
1 4
3 6
1 4
23 18
135 64
15 8
6 8
9 10
57 43
1 4
1 4
13 6
1 4
10 16
1 4
69 34
59 34
1 4
1 4
1 4
1 4
3 6
45 26
1 4
1 4
1 4
111 33
4 8
1 4
100 50
60 30
1 4
1 4
1 4
1 4
27 20
1 4
3 6
36 19
2 4
1 4
2 4
1 4
1 4
1 4
50 20
28 23
2 4
1 4
4 6
2 4
1 4
10 8
4 6
44 23
2 4
1 4
36 25
137 58
1 4
1 4
1 4
139 73
1 4
70 26
58 6
96 51
1 4
74 61
2 4
51 28
5 6
101 53
98 55
121 64
1 4
3 6
21 18
1 4
7 12
68 39
14 16
69 40
118 47
1 4
1 4
12 12
53 26
1 4
2 4
3 6
16 9
1 4
4 6
2 4
1 4
30 22
23 13
45 36
4 8
127 41
26 25
174 14
15 16
69 46
74 56
1 4
2 4
1 4
18 17
3 6
33 29
20 21
1 4
1 4
44 32
79 38
2 4
2 4
2 4
57 30
21 14
51 29
2 4
1 4
1 4
79 45
25 14
1 4
1 4
80 54
5 6
35 28
57 34
1 4
1 4
3 4
25 18
1 4
130 50
1 4
159 34
143 59
2 4
135 57
1 4
1 4
1 4
14 15
32 24
4 8
1 4
2 4
1 4
9 10
61 38
55 28
25 20
100 46
109 50
1 4
1 4
51 31
1 4
9 10
47 33
2 4
189 74
1 4
60 32
1 4
1 4
64 25
3 6
1 4
1 4
2 4
1 4
42 24
34 22
3 6
1 4
1 4
1 4
103 32
1 4
2 4
1 4
8 10
1 4
4 6
2 4
1 4
817964
